{
 "cells": [
  {
   "cell_type": "markdown",
   "metadata": {},
   "source": [
    "# Part - 1"
   ]
  },
  {
   "cell_type": "markdown",
   "metadata": {},
   "source": [
    "| Student Status |    Count    |    pi    | -pilog2(pi) |\n",
    "| -------------- | ----------- | -------- | ----------- |\n",
    "| Undergrad      |     45      |   0.45   |   0.5184    | \n",
    "| Grad           |     55      |   0.55   |   0.4741    |\n",
    "| Total          |     100     |          |   0.9925    |"
   ]
  },
  {
   "cell_type": "markdown",
   "metadata": {},
   "source": [
    "| Stress Level |   Count     |    pj    | -pjlog2(pj) |\n",
    "| ------------ | ----------- | -------- | ----------- |\n",
    "| High         |    35       |   0.35   |   0.53      | \n",
    "| Medium       |    50       |   0.50   |   0.50      |\n",
    "| Low          |    15       |   0.15   |   0.41      |\n",
    "| Total        |    100      |          |   1.44      |"
   ]
  },
  {
   "cell_type": "markdown",
   "metadata": {},
   "source": [
    "| Student Status | Stress Level |   Count  |    pij   | -pijlog2(pij) |\n",
    "| ------------   | -----------  | -------- | -------- | ------------- |\n",
    "|  Undergrad     | High         |    5     |   0.05   |   0.216       | \n",
    "|  Undergrad     | Medium       |    30    |   0.30   |   0.520       |\n",
    "|  Undergrad     | Low          |    10    |   0.10   |   0.332       |\n",
    "|  Grad          | High         |    30    |   0.30   |   0.520       |\n",
    "|  Grad          | Medium       |    20    |   0.20   |   0.464       |\n",
    "|  Grad          | Low          |    5     |   0.05   |   0.216       |\n",
    "|  Total         |              |    100   |          |   2.268       |"
   ]
  },
  {
   "cell_type": "markdown",
   "metadata": {},
   "source": [
    "                            Here, H(X) = 0.9925       H(Y) = 1.44          H(X,Y) = 2.268\n",
    "\n",
    "                            I(X,Y) = H(X) + H(Y) - H(X,Y)\n",
    "\n",
    "                            I(X,Y) = 0.9925 + 1.44 - 2.268\n",
    "\n",
    "                            I(X,Y) = 0.1645\n",
    "\n",
    "                            The value of Mutual Information is 0.1645"
   ]
  },
  {
   "cell_type": "markdown",
   "metadata": {},
   "source": [
    "# Part - 2"
   ]
  },
  {
   "cell_type": "code",
   "execution_count": 2,
   "metadata": {},
   "outputs": [],
   "source": [
    "import pandas as pd\n",
    "import numpy as np\n",
    "import matplotlib.pyplot as plt\n",
    "from sklearn.datasets import load_wine\n",
    "from sklearn.preprocessing import StandardScaler\n",
    "from sklearn.preprocessing import MinMaxScaler\n",
    "from sklearn.decomposition import PCA"
   ]
  },
  {
   "cell_type": "code",
   "execution_count": 3,
   "metadata": {},
   "outputs": [
    {
     "name": "stdout",
     "output_type": "stream",
     "text": [
      "   alcohol  malic_acid   ash  alcalinity_of_ash  magnesium  total_phenols  \\\n",
      "0    14.23        1.71  2.43               15.6      127.0           2.80   \n",
      "1    13.20        1.78  2.14               11.2      100.0           2.65   \n",
      "2    13.16        2.36  2.67               18.6      101.0           2.80   \n",
      "3    14.37        1.95  2.50               16.8      113.0           3.85   \n",
      "4    13.24        2.59  2.87               21.0      118.0           2.80   \n",
      "\n",
      "   flavanoids  nonflavanoid_phenols  proanthocyanins  color_intensity   hue  \\\n",
      "0        3.06                  0.28             2.29             5.64  1.04   \n",
      "1        2.76                  0.26             1.28             4.38  1.05   \n",
      "2        3.24                  0.30             2.81             5.68  1.03   \n",
      "3        3.49                  0.24             2.18             7.80  0.86   \n",
      "4        2.69                  0.39             1.82             4.32  1.04   \n",
      "\n",
      "   od280/od315_of_diluted_wines  proline  \n",
      "0                          3.92   1065.0  \n",
      "1                          3.40   1050.0  \n",
      "2                          3.17   1185.0  \n",
      "3                          3.45   1480.0  \n",
      "4                          2.93    735.0  \n"
     ]
    }
   ],
   "source": [
    "wine = load_wine()\n",
    "df_wine = pd.DataFrame(wine.data, columns=wine.feature_names)\n",
    "\n",
    "print(df_wine.head())"
   ]
  },
  {
   "cell_type": "code",
   "execution_count": 4,
   "metadata": {},
   "outputs": [],
   "source": [
    "from sklearn.model_selection import train_test_split\n",
    "\n",
    "X, y = df_wine.iloc[:, 1:].values, df_wine.iloc[:, 0].values\n",
    "X_train, X_test, y_train, y_test = train_test_split(\n",
    "    X, y, test_size=0.3, random_state=0)\n",
    "\n",
    "sc = StandardScaler()\n",
    "X_train_std = sc.fit_transform(X_train)\n",
    "X_test_std = sc.transform(X_test)"
   ]
  },
  {
   "cell_type": "code",
   "execution_count": 5,
   "metadata": {},
   "outputs": [],
   "source": [
    "cov_mat = np.cov(X_train_std.T)\n",
    "eigen_vals, eigen_vecs = np.linalg.eig(cov_mat)"
   ]
  },
  {
   "cell_type": "code",
   "execution_count": 6,
   "metadata": {},
   "outputs": [
    {
     "data": {
      "text/plain": [
       "array([[ 1.00813008,  0.2016416 ,  0.30658143, -0.06030917, -0.30124242,\n",
       "        -0.41221162,  0.36616593, -0.19190146,  0.30749173, -0.54992807,\n",
       "        -0.39352761, -0.20253906],\n",
       "       [ 0.2016416 ,  1.00813008,  0.44971971,  0.18321413,  0.12235533,\n",
       "         0.06130256,  0.18655693, -0.02607834,  0.24555355, -0.10928021,\n",
       "        -0.01820002,  0.15948032],\n",
       "       [ 0.30658143,  0.44971971,  1.00813008, -0.08930998, -0.37018442,\n",
       "        -0.41804463,  0.40212108, -0.25765667, -0.03090225, -0.25313262,\n",
       "        -0.28934372, -0.48504311],\n",
       "       [-0.06030917,  0.18321413, -0.08930998,  1.00813008,  0.16513295,\n",
       "         0.14458703, -0.30763563,  0.27228619,  0.1260674 ,  0.05792599,\n",
       "         0.01596134,  0.31461066],\n",
       "       [-0.30124242,  0.12235533, -0.37018442,  0.16513295,  1.00813008,\n",
       "         0.88119961, -0.45396901,  0.6196806 , -0.06935051,  0.45718802,\n",
       "         0.72214462,  0.56326772],\n",
       "       [-0.41221162,  0.06130256, -0.41804463,  0.14458703,  0.88119961,\n",
       "         1.00813008, -0.58329952,  0.66598997, -0.19183675,  0.58331869,\n",
       "         0.80205789,  0.55759374],\n",
       "       [ 0.36616593,  0.18655693,  0.40212108, -0.30763563, -0.45396901,\n",
       "        -0.58329952,  1.00813008, -0.35394023,  0.15451294, -0.3178224 ,\n",
       "        -0.49379349, -0.36456587],\n",
       "       [-0.19190146, -0.02607834, -0.25765667,  0.27228619,  0.6196806 ,\n",
       "         0.66598997, -0.35394023,  1.00813008, -0.07018068,  0.32282167,\n",
       "         0.51036557,  0.35552117],\n",
       "       [ 0.30749173,  0.24555355, -0.03090225,  0.1260674 , -0.06935051,\n",
       "        -0.19183675,  0.15451294, -0.07018068,  1.00813008, -0.52395358,\n",
       "        -0.45165752,  0.31605457],\n",
       "       [-0.54992807, -0.10928021, -0.25313262,  0.05792599,  0.45718802,\n",
       "         0.58331869, -0.3178224 ,  0.32282167, -0.52395358,  1.00813008,\n",
       "         0.60022569,  0.2452794 ],\n",
       "       [-0.39352761, -0.01820002, -0.28934372,  0.01596134,  0.72214462,\n",
       "         0.80205789, -0.49379349,  0.51036557, -0.45165752,  0.60022569,\n",
       "         1.00813008,  0.32437157],\n",
       "       [-0.20253906,  0.15948032, -0.48504311,  0.31461066,  0.56326772,\n",
       "         0.55759374, -0.36456587,  0.35552117,  0.31605457,  0.2452794 ,\n",
       "         0.32437157,  1.00813008]])"
      ]
     },
     "execution_count": 6,
     "metadata": {},
     "output_type": "execute_result"
    }
   ],
   "source": [
    "cov_mat"
   ]
  },
  {
   "cell_type": "code",
   "execution_count": 7,
   "metadata": {},
   "outputs": [
    {
     "data": {
      "text/plain": [
       "array([4.81330538, 1.93983315, 1.40080921, 0.97138   , 0.80990699,\n",
       "       0.59025515, 0.50623622, 0.08492038, 0.31527124, 0.17852104,\n",
       "       0.23995522, 0.24716698])"
      ]
     },
     "execution_count": 7,
     "metadata": {},
     "output_type": "execute_result"
    }
   ],
   "source": [
    "eigen_vals"
   ]
  },
  {
   "cell_type": "code",
   "execution_count": 8,
   "metadata": {},
   "outputs": [
    {
     "data": {
      "text/plain": [
       "array([[-0.25625253, -0.26200047, -0.10646468,  0.2583145 , -0.55497537,\n",
       "         0.14572966, -0.61738903,  0.02254516,  0.25187906, -0.01029238,\n",
       "        -0.08747617, -0.07426924],\n",
       "       [-0.04358167, -0.39376443, -0.60470142, -0.04793489,  0.32042975,\n",
       "         0.15792186, -0.03972892, -0.10408464, -0.20600076, -0.02991902,\n",
       "        -0.45350616,  0.29336463],\n",
       "       [-0.25004433,  0.01661097, -0.59912362, -0.16990754, -0.06258293,\n",
       "         0.08570294,  0.32133371,  0.06560573,  0.40901856,  0.0815409 ,\n",
       "         0.48662842, -0.14075094],\n",
       "       [ 0.11261336, -0.34855056,  0.03297467, -0.79323821, -0.15396906,\n",
       "        -0.19566274, -0.21969424,  0.09180492, -0.22142985, -0.07490168,\n",
       "         0.11548532, -0.2210298 ],\n",
       "       [ 0.38666269, -0.16769349, -0.15440774,  0.24564265, -0.05326493,\n",
       "         0.0173353 ,  0.02297192, -0.42926997, -0.22734508,  0.48137297,\n",
       "         0.09651439, -0.50747411],\n",
       "       [ 0.42500892, -0.07377778, -0.13201636,  0.1673688 , -0.04211422,\n",
       "         0.07722997,  0.05568549,  0.84518811, -0.01223132,  0.13881476,\n",
       "        -0.09999155, -0.11783156],\n",
       "       [-0.30950035,  0.01789281, -0.20365556,  0.30417782,  0.19050444,\n",
       "        -0.7162415 , -0.19581559,  0.16734857, -0.31746603, -0.05641132,\n",
       "         0.20040371, -0.10058809],\n",
       "       [ 0.3099499 , -0.14889338, -0.09805322,  0.0528337 , -0.51773188,\n",
       "        -0.51512296,  0.35177461, -0.15045592,  0.15798588, -0.04831241,\n",
       "        -0.14138213,  0.37721761],\n",
       "       [-0.13036346, -0.56850253,  0.24642129,  0.1995663 ,  0.16172873,\n",
       "        -0.03282484,  0.34701418,  0.00397628,  0.2218616 , -0.42046995,\n",
       "        -0.11380597, -0.41547856],\n",
       "       [ 0.3157913 ,  0.29079601, -0.16027308, -0.12136211,  0.30241325,\n",
       "        -0.28273622, -0.31474362, -0.11469789,  0.56303453, -0.13131479,\n",
       "        -0.30128924, -0.25818204],\n",
       "       [ 0.37945308,  0.14181488, -0.23305971,  0.15560277, -0.1036623 ,\n",
       "         0.20488184, -0.10719104, -0.11226636, -0.24738856, -0.71961239,\n",
       "         0.31827317, -0.01475974],\n",
       "       [ 0.272998  , -0.41306095,  0.17285022,  0.10219868,  0.3527027 ,\n",
       "        -0.02413105, -0.26275745, -0.02987511,  0.2697816 ,  0.13547468,\n",
       "         0.50204312,  0.42003891]])"
      ]
     },
     "execution_count": 8,
     "metadata": {},
     "output_type": "execute_result"
    }
   ],
   "source": [
    "eigen_vecs"
   ]
  },
  {
   "cell_type": "code",
   "execution_count": 9,
   "metadata": {},
   "outputs": [],
   "source": [
    "df = pd.DataFrame(cov_mat)"
   ]
  },
  {
   "cell_type": "code",
   "execution_count": 10,
   "metadata": {},
   "outputs": [
    {
     "data": {
      "text/html": [
       "<div>\n",
       "<style scoped>\n",
       "    .dataframe tbody tr th:only-of-type {\n",
       "        vertical-align: middle;\n",
       "    }\n",
       "\n",
       "    .dataframe tbody tr th {\n",
       "        vertical-align: top;\n",
       "    }\n",
       "\n",
       "    .dataframe thead th {\n",
       "        text-align: right;\n",
       "    }\n",
       "</style>\n",
       "<table border=\"1\" class=\"dataframe\">\n",
       "  <thead>\n",
       "    <tr style=\"text-align: right;\">\n",
       "      <th></th>\n",
       "      <th>0</th>\n",
       "      <th>1</th>\n",
       "      <th>2</th>\n",
       "      <th>3</th>\n",
       "      <th>4</th>\n",
       "      <th>5</th>\n",
       "      <th>6</th>\n",
       "      <th>7</th>\n",
       "      <th>8</th>\n",
       "      <th>9</th>\n",
       "      <th>10</th>\n",
       "      <th>11</th>\n",
       "    </tr>\n",
       "  </thead>\n",
       "  <tbody>\n",
       "    <tr>\n",
       "      <th>0</th>\n",
       "      <td>1.008130</td>\n",
       "      <td>0.201642</td>\n",
       "      <td>0.306581</td>\n",
       "      <td>-0.060309</td>\n",
       "      <td>-0.301242</td>\n",
       "      <td>-0.412212</td>\n",
       "      <td>0.366166</td>\n",
       "      <td>-0.191901</td>\n",
       "      <td>0.307492</td>\n",
       "      <td>-0.549928</td>\n",
       "      <td>-0.393528</td>\n",
       "      <td>-0.202539</td>\n",
       "    </tr>\n",
       "    <tr>\n",
       "      <th>1</th>\n",
       "      <td>0.201642</td>\n",
       "      <td>1.008130</td>\n",
       "      <td>0.449720</td>\n",
       "      <td>0.183214</td>\n",
       "      <td>0.122355</td>\n",
       "      <td>0.061303</td>\n",
       "      <td>0.186557</td>\n",
       "      <td>-0.026078</td>\n",
       "      <td>0.245554</td>\n",
       "      <td>-0.109280</td>\n",
       "      <td>-0.018200</td>\n",
       "      <td>0.159480</td>\n",
       "    </tr>\n",
       "    <tr>\n",
       "      <th>2</th>\n",
       "      <td>0.306581</td>\n",
       "      <td>0.449720</td>\n",
       "      <td>1.008130</td>\n",
       "      <td>-0.089310</td>\n",
       "      <td>-0.370184</td>\n",
       "      <td>-0.418045</td>\n",
       "      <td>0.402121</td>\n",
       "      <td>-0.257657</td>\n",
       "      <td>-0.030902</td>\n",
       "      <td>-0.253133</td>\n",
       "      <td>-0.289344</td>\n",
       "      <td>-0.485043</td>\n",
       "    </tr>\n",
       "    <tr>\n",
       "      <th>3</th>\n",
       "      <td>-0.060309</td>\n",
       "      <td>0.183214</td>\n",
       "      <td>-0.089310</td>\n",
       "      <td>1.008130</td>\n",
       "      <td>0.165133</td>\n",
       "      <td>0.144587</td>\n",
       "      <td>-0.307636</td>\n",
       "      <td>0.272286</td>\n",
       "      <td>0.126067</td>\n",
       "      <td>0.057926</td>\n",
       "      <td>0.015961</td>\n",
       "      <td>0.314611</td>\n",
       "    </tr>\n",
       "    <tr>\n",
       "      <th>4</th>\n",
       "      <td>-0.301242</td>\n",
       "      <td>0.122355</td>\n",
       "      <td>-0.370184</td>\n",
       "      <td>0.165133</td>\n",
       "      <td>1.008130</td>\n",
       "      <td>0.881200</td>\n",
       "      <td>-0.453969</td>\n",
       "      <td>0.619681</td>\n",
       "      <td>-0.069351</td>\n",
       "      <td>0.457188</td>\n",
       "      <td>0.722145</td>\n",
       "      <td>0.563268</td>\n",
       "    </tr>\n",
       "    <tr>\n",
       "      <th>5</th>\n",
       "      <td>-0.412212</td>\n",
       "      <td>0.061303</td>\n",
       "      <td>-0.418045</td>\n",
       "      <td>0.144587</td>\n",
       "      <td>0.881200</td>\n",
       "      <td>1.008130</td>\n",
       "      <td>-0.583300</td>\n",
       "      <td>0.665990</td>\n",
       "      <td>-0.191837</td>\n",
       "      <td>0.583319</td>\n",
       "      <td>0.802058</td>\n",
       "      <td>0.557594</td>\n",
       "    </tr>\n",
       "    <tr>\n",
       "      <th>6</th>\n",
       "      <td>0.366166</td>\n",
       "      <td>0.186557</td>\n",
       "      <td>0.402121</td>\n",
       "      <td>-0.307636</td>\n",
       "      <td>-0.453969</td>\n",
       "      <td>-0.583300</td>\n",
       "      <td>1.008130</td>\n",
       "      <td>-0.353940</td>\n",
       "      <td>0.154513</td>\n",
       "      <td>-0.317822</td>\n",
       "      <td>-0.493793</td>\n",
       "      <td>-0.364566</td>\n",
       "    </tr>\n",
       "    <tr>\n",
       "      <th>7</th>\n",
       "      <td>-0.191901</td>\n",
       "      <td>-0.026078</td>\n",
       "      <td>-0.257657</td>\n",
       "      <td>0.272286</td>\n",
       "      <td>0.619681</td>\n",
       "      <td>0.665990</td>\n",
       "      <td>-0.353940</td>\n",
       "      <td>1.008130</td>\n",
       "      <td>-0.070181</td>\n",
       "      <td>0.322822</td>\n",
       "      <td>0.510366</td>\n",
       "      <td>0.355521</td>\n",
       "    </tr>\n",
       "    <tr>\n",
       "      <th>8</th>\n",
       "      <td>0.307492</td>\n",
       "      <td>0.245554</td>\n",
       "      <td>-0.030902</td>\n",
       "      <td>0.126067</td>\n",
       "      <td>-0.069351</td>\n",
       "      <td>-0.191837</td>\n",
       "      <td>0.154513</td>\n",
       "      <td>-0.070181</td>\n",
       "      <td>1.008130</td>\n",
       "      <td>-0.523954</td>\n",
       "      <td>-0.451658</td>\n",
       "      <td>0.316055</td>\n",
       "    </tr>\n",
       "    <tr>\n",
       "      <th>9</th>\n",
       "      <td>-0.549928</td>\n",
       "      <td>-0.109280</td>\n",
       "      <td>-0.253133</td>\n",
       "      <td>0.057926</td>\n",
       "      <td>0.457188</td>\n",
       "      <td>0.583319</td>\n",
       "      <td>-0.317822</td>\n",
       "      <td>0.322822</td>\n",
       "      <td>-0.523954</td>\n",
       "      <td>1.008130</td>\n",
       "      <td>0.600226</td>\n",
       "      <td>0.245279</td>\n",
       "    </tr>\n",
       "    <tr>\n",
       "      <th>10</th>\n",
       "      <td>-0.393528</td>\n",
       "      <td>-0.018200</td>\n",
       "      <td>-0.289344</td>\n",
       "      <td>0.015961</td>\n",
       "      <td>0.722145</td>\n",
       "      <td>0.802058</td>\n",
       "      <td>-0.493793</td>\n",
       "      <td>0.510366</td>\n",
       "      <td>-0.451658</td>\n",
       "      <td>0.600226</td>\n",
       "      <td>1.008130</td>\n",
       "      <td>0.324372</td>\n",
       "    </tr>\n",
       "    <tr>\n",
       "      <th>11</th>\n",
       "      <td>-0.202539</td>\n",
       "      <td>0.159480</td>\n",
       "      <td>-0.485043</td>\n",
       "      <td>0.314611</td>\n",
       "      <td>0.563268</td>\n",
       "      <td>0.557594</td>\n",
       "      <td>-0.364566</td>\n",
       "      <td>0.355521</td>\n",
       "      <td>0.316055</td>\n",
       "      <td>0.245279</td>\n",
       "      <td>0.324372</td>\n",
       "      <td>1.008130</td>\n",
       "    </tr>\n",
       "  </tbody>\n",
       "</table>\n",
       "</div>"
      ],
      "text/plain": [
       "          0         1         2         3         4         5         6   \\\n",
       "0   1.008130  0.201642  0.306581 -0.060309 -0.301242 -0.412212  0.366166   \n",
       "1   0.201642  1.008130  0.449720  0.183214  0.122355  0.061303  0.186557   \n",
       "2   0.306581  0.449720  1.008130 -0.089310 -0.370184 -0.418045  0.402121   \n",
       "3  -0.060309  0.183214 -0.089310  1.008130  0.165133  0.144587 -0.307636   \n",
       "4  -0.301242  0.122355 -0.370184  0.165133  1.008130  0.881200 -0.453969   \n",
       "5  -0.412212  0.061303 -0.418045  0.144587  0.881200  1.008130 -0.583300   \n",
       "6   0.366166  0.186557  0.402121 -0.307636 -0.453969 -0.583300  1.008130   \n",
       "7  -0.191901 -0.026078 -0.257657  0.272286  0.619681  0.665990 -0.353940   \n",
       "8   0.307492  0.245554 -0.030902  0.126067 -0.069351 -0.191837  0.154513   \n",
       "9  -0.549928 -0.109280 -0.253133  0.057926  0.457188  0.583319 -0.317822   \n",
       "10 -0.393528 -0.018200 -0.289344  0.015961  0.722145  0.802058 -0.493793   \n",
       "11 -0.202539  0.159480 -0.485043  0.314611  0.563268  0.557594 -0.364566   \n",
       "\n",
       "          7         8         9         10        11  \n",
       "0  -0.191901  0.307492 -0.549928 -0.393528 -0.202539  \n",
       "1  -0.026078  0.245554 -0.109280 -0.018200  0.159480  \n",
       "2  -0.257657 -0.030902 -0.253133 -0.289344 -0.485043  \n",
       "3   0.272286  0.126067  0.057926  0.015961  0.314611  \n",
       "4   0.619681 -0.069351  0.457188  0.722145  0.563268  \n",
       "5   0.665990 -0.191837  0.583319  0.802058  0.557594  \n",
       "6  -0.353940  0.154513 -0.317822 -0.493793 -0.364566  \n",
       "7   1.008130 -0.070181  0.322822  0.510366  0.355521  \n",
       "8  -0.070181  1.008130 -0.523954 -0.451658  0.316055  \n",
       "9   0.322822 -0.523954  1.008130  0.600226  0.245279  \n",
       "10  0.510366 -0.451658  0.600226  1.008130  0.324372  \n",
       "11  0.355521  0.316055  0.245279  0.324372  1.008130  "
      ]
     },
     "execution_count": 10,
     "metadata": {},
     "output_type": "execute_result"
    }
   ],
   "source": [
    "df"
   ]
  },
  {
   "cell_type": "code",
   "execution_count": 11,
   "metadata": {},
   "outputs": [
    {
     "data": {
      "text/html": [
       "<style  type=\"text/css\" >\n",
       "#T_e625fe56_71ae_11eb_8a9c_1e0062222f44row0_col0,#T_e625fe56_71ae_11eb_8a9c_1e0062222f44row1_col1,#T_e625fe56_71ae_11eb_8a9c_1e0062222f44row2_col2,#T_e625fe56_71ae_11eb_8a9c_1e0062222f44row3_col3,#T_e625fe56_71ae_11eb_8a9c_1e0062222f44row4_col4,#T_e625fe56_71ae_11eb_8a9c_1e0062222f44row5_col5,#T_e625fe56_71ae_11eb_8a9c_1e0062222f44row6_col6,#T_e625fe56_71ae_11eb_8a9c_1e0062222f44row7_col7,#T_e625fe56_71ae_11eb_8a9c_1e0062222f44row8_col8,#T_e625fe56_71ae_11eb_8a9c_1e0062222f44row9_col9,#T_e625fe56_71ae_11eb_8a9c_1e0062222f44row10_col10,#T_e625fe56_71ae_11eb_8a9c_1e0062222f44row11_col11{\n",
       "            background-color:  #ff0000;\n",
       "            color:  #f1f1f1;\n",
       "        }#T_e625fe56_71ae_11eb_8a9c_1e0062222f44row0_col1,#T_e625fe56_71ae_11eb_8a9c_1e0062222f44row1_col0{\n",
       "            background-color:  #7dffb6;\n",
       "            color:  #000000;\n",
       "        }#T_e625fe56_71ae_11eb_8a9c_1e0062222f44row0_col2,#T_e625fe56_71ae_11eb_8a9c_1e0062222f44row0_col8,#T_e625fe56_71ae_11eb_8a9c_1e0062222f44row2_col0,#T_e625fe56_71ae_11eb_8a9c_1e0062222f44row8_col0{\n",
       "            background-color:  #9efaa2;\n",
       "            color:  #000000;\n",
       "        }#T_e625fe56_71ae_11eb_8a9c_1e0062222f44row0_col3,#T_e625fe56_71ae_11eb_8a9c_1e0062222f44row3_col0{\n",
       "            background-color:  #28dbde;\n",
       "            color:  #000000;\n",
       "        }#T_e625fe56_71ae_11eb_8a9c_1e0062222f44row0_col4,#T_e625fe56_71ae_11eb_8a9c_1e0062222f44row4_col0{\n",
       "            background-color:  #2686f5;\n",
       "            color:  #000000;\n",
       "        }#T_e625fe56_71ae_11eb_8a9c_1e0062222f44row0_col5,#T_e625fe56_71ae_11eb_8a9c_1e0062222f44row5_col0{\n",
       "            background-color:  #4a53fb;\n",
       "            color:  #f1f1f1;\n",
       "        }#T_e625fe56_71ae_11eb_8a9c_1e0062222f44row0_col6,#T_e625fe56_71ae_11eb_8a9c_1e0062222f44row6_col0{\n",
       "            background-color:  #b0f397;\n",
       "            color:  #000000;\n",
       "        }#T_e625fe56_71ae_11eb_8a9c_1e0062222f44row0_col7,#T_e625fe56_71ae_11eb_8a9c_1e0062222f44row5_col8,#T_e625fe56_71ae_11eb_8a9c_1e0062222f44row7_col0,#T_e625fe56_71ae_11eb_8a9c_1e0062222f44row8_col5{\n",
       "            background-color:  #04b0ed;\n",
       "            color:  #000000;\n",
       "        }#T_e625fe56_71ae_11eb_8a9c_1e0062222f44row0_col9,#T_e625fe56_71ae_11eb_8a9c_1e0062222f44row9_col0{\n",
       "            background-color:  #7610ff;\n",
       "            color:  #f1f1f1;\n",
       "        }#T_e625fe56_71ae_11eb_8a9c_1e0062222f44row0_col10,#T_e625fe56_71ae_11eb_8a9c_1e0062222f44row10_col0{\n",
       "            background-color:  #445cfb;\n",
       "            color:  #f1f1f1;\n",
       "        }#T_e625fe56_71ae_11eb_8a9c_1e0062222f44row0_col11,#T_e625fe56_71ae_11eb_8a9c_1e0062222f44row11_col0{\n",
       "            background-color:  #06aeed;\n",
       "            color:  #000000;\n",
       "        }#T_e625fe56_71ae_11eb_8a9c_1e0062222f44row1_col2,#T_e625fe56_71ae_11eb_8a9c_1e0062222f44row2_col1{\n",
       "            background-color:  #cce385;\n",
       "            color:  #000000;\n",
       "        }#T_e625fe56_71ae_11eb_8a9c_1e0062222f44row1_col3,#T_e625fe56_71ae_11eb_8a9c_1e0062222f44row1_col6,#T_e625fe56_71ae_11eb_8a9c_1e0062222f44row3_col1,#T_e625fe56_71ae_11eb_8a9c_1e0062222f44row6_col1{\n",
       "            background-color:  #76ffb9;\n",
       "            color:  #000000;\n",
       "        }#T_e625fe56_71ae_11eb_8a9c_1e0062222f44row1_col4,#T_e625fe56_71ae_11eb_8a9c_1e0062222f44row4_col1{\n",
       "            background-color:  #62fbc4;\n",
       "            color:  #000000;\n",
       "        }#T_e625fe56_71ae_11eb_8a9c_1e0062222f44row1_col5,#T_e625fe56_71ae_11eb_8a9c_1e0062222f44row3_col9,#T_e625fe56_71ae_11eb_8a9c_1e0062222f44row5_col1,#T_e625fe56_71ae_11eb_8a9c_1e0062222f44row9_col3{\n",
       "            background-color:  #4ef3cd;\n",
       "            color:  #000000;\n",
       "        }#T_e625fe56_71ae_11eb_8a9c_1e0062222f44row1_col7,#T_e625fe56_71ae_11eb_8a9c_1e0062222f44row7_col1{\n",
       "            background-color:  #32e3da;\n",
       "            color:  #000000;\n",
       "        }#T_e625fe56_71ae_11eb_8a9c_1e0062222f44row1_col8,#T_e625fe56_71ae_11eb_8a9c_1e0062222f44row8_col1,#T_e625fe56_71ae_11eb_8a9c_1e0062222f44row9_col11,#T_e625fe56_71ae_11eb_8a9c_1e0062222f44row11_col9{\n",
       "            background-color:  #8bfeae;\n",
       "            color:  #000000;\n",
       "        }#T_e625fe56_71ae_11eb_8a9c_1e0062222f44row1_col9,#T_e625fe56_71ae_11eb_8a9c_1e0062222f44row9_col1{\n",
       "            background-color:  #18cde4;\n",
       "            color:  #000000;\n",
       "        }#T_e625fe56_71ae_11eb_8a9c_1e0062222f44row1_col10,#T_e625fe56_71ae_11eb_8a9c_1e0062222f44row10_col1{\n",
       "            background-color:  #34e4d9;\n",
       "            color:  #000000;\n",
       "        }#T_e625fe56_71ae_11eb_8a9c_1e0062222f44row1_col11,#T_e625fe56_71ae_11eb_8a9c_1e0062222f44row11_col1{\n",
       "            background-color:  #6efebe;\n",
       "            color:  #000000;\n",
       "        }#T_e625fe56_71ae_11eb_8a9c_1e0062222f44row2_col3,#T_e625fe56_71ae_11eb_8a9c_1e0062222f44row3_col2{\n",
       "            background-color:  #1fd3e1;\n",
       "            color:  #000000;\n",
       "        }#T_e625fe56_71ae_11eb_8a9c_1e0062222f44row2_col4,#T_e625fe56_71ae_11eb_8a9c_1e0062222f44row4_col2{\n",
       "            background-color:  #3c68f9;\n",
       "            color:  #000000;\n",
       "        }#T_e625fe56_71ae_11eb_8a9c_1e0062222f44row2_col5,#T_e625fe56_71ae_11eb_8a9c_1e0062222f44row5_col2{\n",
       "            background-color:  #4c50fc;\n",
       "            color:  #f1f1f1;\n",
       "        }#T_e625fe56_71ae_11eb_8a9c_1e0062222f44row2_col6,#T_e625fe56_71ae_11eb_8a9c_1e0062222f44row6_col2{\n",
       "            background-color:  #bced8f;\n",
       "            color:  #000000;\n",
       "        }#T_e625fe56_71ae_11eb_8a9c_1e0062222f44row2_col7,#T_e625fe56_71ae_11eb_8a9c_1e0062222f44row7_col2{\n",
       "            background-color:  #1898f2;\n",
       "            color:  #000000;\n",
       "        }#T_e625fe56_71ae_11eb_8a9c_1e0062222f44row2_col8,#T_e625fe56_71ae_11eb_8a9c_1e0062222f44row8_col2{\n",
       "            background-color:  #30e1da;\n",
       "            color:  #000000;\n",
       "        }#T_e625fe56_71ae_11eb_8a9c_1e0062222f44row2_col9,#T_e625fe56_71ae_11eb_8a9c_1e0062222f44row9_col2{\n",
       "            background-color:  #169bf2;\n",
       "            color:  #000000;\n",
       "        }#T_e625fe56_71ae_11eb_8a9c_1e0062222f44row2_col10,#T_e625fe56_71ae_11eb_8a9c_1e0062222f44row10_col2{\n",
       "            background-color:  #218cf4;\n",
       "            color:  #000000;\n",
       "        }#T_e625fe56_71ae_11eb_8a9c_1e0062222f44row2_col11,#T_e625fe56_71ae_11eb_8a9c_1e0062222f44row11_col2{\n",
       "            background-color:  #622ffe;\n",
       "            color:  #f1f1f1;\n",
       "        }#T_e625fe56_71ae_11eb_8a9c_1e0062222f44row3_col4,#T_e625fe56_71ae_11eb_8a9c_1e0062222f44row4_col3{\n",
       "            background-color:  #70febc;\n",
       "            color:  #000000;\n",
       "        }#T_e625fe56_71ae_11eb_8a9c_1e0062222f44row3_col5,#T_e625fe56_71ae_11eb_8a9c_1e0062222f44row5_col3{\n",
       "            background-color:  #6afdc0;\n",
       "            color:  #000000;\n",
       "        }#T_e625fe56_71ae_11eb_8a9c_1e0062222f44row3_col6,#T_e625fe56_71ae_11eb_8a9c_1e0062222f44row6_col3{\n",
       "            background-color:  #2884f6;\n",
       "            color:  #000000;\n",
       "        }#T_e625fe56_71ae_11eb_8a9c_1e0062222f44row3_col7,#T_e625fe56_71ae_11eb_8a9c_1e0062222f44row7_col3{\n",
       "            background-color:  #92fda9;\n",
       "            color:  #000000;\n",
       "        }#T_e625fe56_71ae_11eb_8a9c_1e0062222f44row3_col8,#T_e625fe56_71ae_11eb_8a9c_1e0062222f44row8_col3{\n",
       "            background-color:  #64fbc3;\n",
       "            color:  #000000;\n",
       "        }#T_e625fe56_71ae_11eb_8a9c_1e0062222f44row3_col10,#T_e625fe56_71ae_11eb_8a9c_1e0062222f44row10_col3{\n",
       "            background-color:  #40ecd4;\n",
       "            color:  #000000;\n",
       "        }#T_e625fe56_71ae_11eb_8a9c_1e0062222f44row3_col11,#T_e625fe56_71ae_11eb_8a9c_1e0062222f44row8_col11,#T_e625fe56_71ae_11eb_8a9c_1e0062222f44row11_col3,#T_e625fe56_71ae_11eb_8a9c_1e0062222f44row11_col8{\n",
       "            background-color:  #a0faa1;\n",
       "            color:  #000000;\n",
       "        }#T_e625fe56_71ae_11eb_8a9c_1e0062222f44row4_col5,#T_e625fe56_71ae_11eb_8a9c_1e0062222f44row5_col4{\n",
       "            background-color:  #ff3e1f;\n",
       "            color:  #f1f1f1;\n",
       "        }#T_e625fe56_71ae_11eb_8a9c_1e0062222f44row4_col6,#T_e625fe56_71ae_11eb_8a9c_1e0062222f44row6_col4{\n",
       "            background-color:  #583efd;\n",
       "            color:  #f1f1f1;\n",
       "        }#T_e625fe56_71ae_11eb_8a9c_1e0062222f44row4_col7,#T_e625fe56_71ae_11eb_8a9c_1e0062222f44row7_col4{\n",
       "            background-color:  #ffb05f;\n",
       "            color:  #000000;\n",
       "        }#T_e625fe56_71ae_11eb_8a9c_1e0062222f44row4_col8,#T_e625fe56_71ae_11eb_8a9c_1e0062222f44row7_col8,#T_e625fe56_71ae_11eb_8a9c_1e0062222f44row8_col4,#T_e625fe56_71ae_11eb_8a9c_1e0062222f44row8_col7{\n",
       "            background-color:  #24d8df;\n",
       "            color:  #000000;\n",
       "        }#T_e625fe56_71ae_11eb_8a9c_1e0062222f44row4_col9,#T_e625fe56_71ae_11eb_8a9c_1e0062222f44row9_col4{\n",
       "            background-color:  #cee184;\n",
       "            color:  #000000;\n",
       "        }#T_e625fe56_71ae_11eb_8a9c_1e0062222f44row4_col10,#T_e625fe56_71ae_11eb_8a9c_1e0062222f44row10_col4{\n",
       "            background-color:  #ff8947;\n",
       "            color:  #000000;\n",
       "        }#T_e625fe56_71ae_11eb_8a9c_1e0062222f44row4_col11,#T_e625fe56_71ae_11eb_8a9c_1e0062222f44row11_col4{\n",
       "            background-color:  #f0c46c;\n",
       "            color:  #000000;\n",
       "        }#T_e625fe56_71ae_11eb_8a9c_1e0062222f44row5_col6,#T_e625fe56_71ae_11eb_8a9c_1e0062222f44row6_col5{\n",
       "            background-color:  #8000ff;\n",
       "            color:  #f1f1f1;\n",
       "        }#T_e625fe56_71ae_11eb_8a9c_1e0062222f44row5_col7,#T_e625fe56_71ae_11eb_8a9c_1e0062222f44row7_col5{\n",
       "            background-color:  #ffa055;\n",
       "            color:  #000000;\n",
       "        }#T_e625fe56_71ae_11eb_8a9c_1e0062222f44row5_col9,#T_e625fe56_71ae_11eb_8a9c_1e0062222f44row9_col5{\n",
       "            background-color:  #f6be68;\n",
       "            color:  #000000;\n",
       "        }#T_e625fe56_71ae_11eb_8a9c_1e0062222f44row5_col10,#T_e625fe56_71ae_11eb_8a9c_1e0062222f44row10_col5{\n",
       "            background-color:  #ff6533;\n",
       "            color:  #000000;\n",
       "        }#T_e625fe56_71ae_11eb_8a9c_1e0062222f44row5_col11,#T_e625fe56_71ae_11eb_8a9c_1e0062222f44row11_col5{\n",
       "            background-color:  #eec66d;\n",
       "            color:  #000000;\n",
       "        }#T_e625fe56_71ae_11eb_8a9c_1e0062222f44row6_col7,#T_e625fe56_71ae_11eb_8a9c_1e0062222f44row7_col6{\n",
       "            background-color:  #386df9;\n",
       "            color:  #000000;\n",
       "        }#T_e625fe56_71ae_11eb_8a9c_1e0062222f44row6_col8,#T_e625fe56_71ae_11eb_8a9c_1e0062222f44row8_col6{\n",
       "            background-color:  #6dfdbf;\n",
       "            color:  #000000;\n",
       "        }#T_e625fe56_71ae_11eb_8a9c_1e0062222f44row6_col9,#T_e625fe56_71ae_11eb_8a9c_1e0062222f44row9_col6{\n",
       "            background-color:  #2c7ef7;\n",
       "            color:  #000000;\n",
       "        }#T_e625fe56_71ae_11eb_8a9c_1e0062222f44row6_col10,#T_e625fe56_71ae_11eb_8a9c_1e0062222f44row10_col6{\n",
       "            background-color:  #642cfe;\n",
       "            color:  #f1f1f1;\n",
       "        }#T_e625fe56_71ae_11eb_8a9c_1e0062222f44row6_col11,#T_e625fe56_71ae_11eb_8a9c_1e0062222f44row11_col6{\n",
       "            background-color:  #396bf9;\n",
       "            color:  #000000;\n",
       "        }#T_e625fe56_71ae_11eb_8a9c_1e0062222f44row7_col9,#T_e625fe56_71ae_11eb_8a9c_1e0062222f44row9_col7{\n",
       "            background-color:  #a2f9a0;\n",
       "            color:  #000000;\n",
       "        }#T_e625fe56_71ae_11eb_8a9c_1e0062222f44row7_col10,#T_e625fe56_71ae_11eb_8a9c_1e0062222f44row10_col7{\n",
       "            background-color:  #ded579;\n",
       "            color:  #000000;\n",
       "        }#T_e625fe56_71ae_11eb_8a9c_1e0062222f44row7_col11,#T_e625fe56_71ae_11eb_8a9c_1e0062222f44row11_col7{\n",
       "            background-color:  #aef498;\n",
       "            color:  #000000;\n",
       "        }#T_e625fe56_71ae_11eb_8a9c_1e0062222f44row8_col9,#T_e625fe56_71ae_11eb_8a9c_1e0062222f44row9_col8{\n",
       "            background-color:  #6e1cff;\n",
       "            color:  #f1f1f1;\n",
       "        }#T_e625fe56_71ae_11eb_8a9c_1e0062222f44row8_col10,#T_e625fe56_71ae_11eb_8a9c_1e0062222f44row10_col8{\n",
       "            background-color:  #5641fd;\n",
       "            color:  #f1f1f1;\n",
       "        }#T_e625fe56_71ae_11eb_8a9c_1e0062222f44row9_col10,#T_e625fe56_71ae_11eb_8a9c_1e0062222f44row10_col9{\n",
       "            background-color:  #fcb763;\n",
       "            color:  #000000;\n",
       "        }#T_e625fe56_71ae_11eb_8a9c_1e0062222f44row10_col11,#T_e625fe56_71ae_11eb_8a9c_1e0062222f44row11_col10{\n",
       "            background-color:  #a4f89f;\n",
       "            color:  #000000;\n",
       "        }</style><table id=\"T_e625fe56_71ae_11eb_8a9c_1e0062222f44\" ><thead>    <tr>        <th class=\"blank level0\" ></th>        <th class=\"col_heading level0 col0\" >0</th>        <th class=\"col_heading level0 col1\" >1</th>        <th class=\"col_heading level0 col2\" >2</th>        <th class=\"col_heading level0 col3\" >3</th>        <th class=\"col_heading level0 col4\" >4</th>        <th class=\"col_heading level0 col5\" >5</th>        <th class=\"col_heading level0 col6\" >6</th>        <th class=\"col_heading level0 col7\" >7</th>        <th class=\"col_heading level0 col8\" >8</th>        <th class=\"col_heading level0 col9\" >9</th>        <th class=\"col_heading level0 col10\" >10</th>        <th class=\"col_heading level0 col11\" >11</th>    </tr></thead><tbody>\n",
       "                <tr>\n",
       "                        <th id=\"T_e625fe56_71ae_11eb_8a9c_1e0062222f44level0_row0\" class=\"row_heading level0 row0\" >0</th>\n",
       "                        <td id=\"T_e625fe56_71ae_11eb_8a9c_1e0062222f44row0_col0\" class=\"data row0 col0\" >1.008130</td>\n",
       "                        <td id=\"T_e625fe56_71ae_11eb_8a9c_1e0062222f44row0_col1\" class=\"data row0 col1\" >0.201642</td>\n",
       "                        <td id=\"T_e625fe56_71ae_11eb_8a9c_1e0062222f44row0_col2\" class=\"data row0 col2\" >0.306581</td>\n",
       "                        <td id=\"T_e625fe56_71ae_11eb_8a9c_1e0062222f44row0_col3\" class=\"data row0 col3\" >-0.060309</td>\n",
       "                        <td id=\"T_e625fe56_71ae_11eb_8a9c_1e0062222f44row0_col4\" class=\"data row0 col4\" >-0.301242</td>\n",
       "                        <td id=\"T_e625fe56_71ae_11eb_8a9c_1e0062222f44row0_col5\" class=\"data row0 col5\" >-0.412212</td>\n",
       "                        <td id=\"T_e625fe56_71ae_11eb_8a9c_1e0062222f44row0_col6\" class=\"data row0 col6\" >0.366166</td>\n",
       "                        <td id=\"T_e625fe56_71ae_11eb_8a9c_1e0062222f44row0_col7\" class=\"data row0 col7\" >-0.191901</td>\n",
       "                        <td id=\"T_e625fe56_71ae_11eb_8a9c_1e0062222f44row0_col8\" class=\"data row0 col8\" >0.307492</td>\n",
       "                        <td id=\"T_e625fe56_71ae_11eb_8a9c_1e0062222f44row0_col9\" class=\"data row0 col9\" >-0.549928</td>\n",
       "                        <td id=\"T_e625fe56_71ae_11eb_8a9c_1e0062222f44row0_col10\" class=\"data row0 col10\" >-0.393528</td>\n",
       "                        <td id=\"T_e625fe56_71ae_11eb_8a9c_1e0062222f44row0_col11\" class=\"data row0 col11\" >-0.202539</td>\n",
       "            </tr>\n",
       "            <tr>\n",
       "                        <th id=\"T_e625fe56_71ae_11eb_8a9c_1e0062222f44level0_row1\" class=\"row_heading level0 row1\" >1</th>\n",
       "                        <td id=\"T_e625fe56_71ae_11eb_8a9c_1e0062222f44row1_col0\" class=\"data row1 col0\" >0.201642</td>\n",
       "                        <td id=\"T_e625fe56_71ae_11eb_8a9c_1e0062222f44row1_col1\" class=\"data row1 col1\" >1.008130</td>\n",
       "                        <td id=\"T_e625fe56_71ae_11eb_8a9c_1e0062222f44row1_col2\" class=\"data row1 col2\" >0.449720</td>\n",
       "                        <td id=\"T_e625fe56_71ae_11eb_8a9c_1e0062222f44row1_col3\" class=\"data row1 col3\" >0.183214</td>\n",
       "                        <td id=\"T_e625fe56_71ae_11eb_8a9c_1e0062222f44row1_col4\" class=\"data row1 col4\" >0.122355</td>\n",
       "                        <td id=\"T_e625fe56_71ae_11eb_8a9c_1e0062222f44row1_col5\" class=\"data row1 col5\" >0.061303</td>\n",
       "                        <td id=\"T_e625fe56_71ae_11eb_8a9c_1e0062222f44row1_col6\" class=\"data row1 col6\" >0.186557</td>\n",
       "                        <td id=\"T_e625fe56_71ae_11eb_8a9c_1e0062222f44row1_col7\" class=\"data row1 col7\" >-0.026078</td>\n",
       "                        <td id=\"T_e625fe56_71ae_11eb_8a9c_1e0062222f44row1_col8\" class=\"data row1 col8\" >0.245554</td>\n",
       "                        <td id=\"T_e625fe56_71ae_11eb_8a9c_1e0062222f44row1_col9\" class=\"data row1 col9\" >-0.109280</td>\n",
       "                        <td id=\"T_e625fe56_71ae_11eb_8a9c_1e0062222f44row1_col10\" class=\"data row1 col10\" >-0.018200</td>\n",
       "                        <td id=\"T_e625fe56_71ae_11eb_8a9c_1e0062222f44row1_col11\" class=\"data row1 col11\" >0.159480</td>\n",
       "            </tr>\n",
       "            <tr>\n",
       "                        <th id=\"T_e625fe56_71ae_11eb_8a9c_1e0062222f44level0_row2\" class=\"row_heading level0 row2\" >2</th>\n",
